878349920
-106266436
-1329358169
-483390563
-179336401
-543231434
-1873714843
-564465402
1115745524
-2016773391
-657386078
1398609575
-920160491
126019730
-1071692110
1108489338
1549397646
260517920
574585718
1348921141
-1110798788
-88809327
1817275814
-1159978758
-1872631207
1282415734
-1132775413
-1531273323
733014822
-993418643
370711304
1524119356
-1886043619
-272004245
1873172061
-1932743767
745046409
-389801800
944825050
1800918700
879322527
-673428868
-383432836
-1947741765
118764781
-789799277
1470093144
1015440241
486067887
-1010272230
1085052802
-825296613
-1656045527
-284779572
-1748929689
701968370
952906291
-1661655998
823374609
-329283405
1192864190
-671062527
-725464036
-10709610
72588826
-676082570
-1121372039
-1620661397
757745261
-536740349
-1035046798
1146607505
-1125735750
860021918
-1766653444
863857022
1403493796
-1590550708
-472515667
-1952143484
1308558674
-799933667
1921451420
-477862469
1637554897
-1845727732
-1192673453
1210841877
1607484556
978218146
-1588301210
299878186
553168481
812508226
1528122442
-292339174
259886997
-1542232870
402270858
-1505196499
1588319784
1169618103
1129088201
931028294
-1735541947
-501285044
206924936
3799227
737492287
607029771
897262177
376442075
-1619050238
1744441248
1832377671
1497350422
1124740374
22783410
-1374164034
1993892876
-1622947269
1764842727
1266364591
43422375
-1897119188
1188911187
-285358138
1461666981
-636581812
-557422465
1743232836
2024704912
-484648482
-1174699951
-278539117
-213838406
-312512678
2037232626
1139277094
392127137
-1703774327
1761515128
-1604623848
1584129040
2129391804
-1108040850
-1471547936
897720880
2083094027
-329952487
1662370078
1773239052
-1269817376
1445422592
-1295060629
-1962910518
-1447916724
-1248036400
882162225
-512452397
1542303446
1962347302
-1177086059
909791716
-1470222012
-1888803023
1165564711
-494474103
770412142
1486569254
1726012020
-1479453691
-271015740
1900160505
571855600
-125192884
-84538451
437379339
-812539467
-451503317
1484334485
-338736563
-1150533973
1650655592
75245497
2076084008
-848342866
786093550
921487032
188735069
-753613168
-133990356
-55767103
1276562462
-589772199
270629704
1638026571
-859519235
-965261712
-793888895
2111587005
-1714045542
-534736113
-504889230
1726653950
-1139086585
-1437968974
1718560499
-502653747
-328574016
587812317
-74186212
-1725637358
-490437693
102476292
1453232022
-214615920
997079096
-1109137434
358811600
1344017772
649262660
-748671289
-333700767
-62718978
-1063955605
-1664409825
1904049227
-1720782407
1354315968
2043746361
-152734860
1344588879
-1310235944
-2034821567
116567613
195209742
213836820
-1942889668
-1720069875
-287331519
-405632523
-1830175302
-1777383975
-371931100
1701498024
1460451603
-1338335834
-1490670670
-1957774977
-37841213
491929570
1078351655
-1149927959
-1799051743
1736871424
-279968512
-836938132
-664589989
754360253
-1840947322
-1375612205
-838291260
1519613077
-1305994342
-613345849
610195854
-517152299
-1081635858
-976594201
-1197535136
-1492184923
-1752379173
-1776166892
1500514454
1864279548
-874685438
312278390
-342697730
1108419929
-1563026041
743602932
-573797898
1211609014
-2094036437
1160876247
-1018783075
-939959561
1998866072
-870882756
-726808251
971653554
-77149533
183289457
2142025426
-1589972726
1486310441
-1680682783
1900928069
-121693253
411388634
2006379468
2093029717
-669648566
-1357058752
-185879578
-160673457
-1884023145
-656694946
-916292161
-997211194
932568279
-1412598874
415723835
-580205382
-2037299130
-1411093649
-2130615417
1769786723
892260779
-175056310
-1827459522
1175569021
1372369593
-81886420
1818474874
1024274813
351616994
1335298269
-1079903773
-1637558228
1852672053
207069280
-1775709681
-1452264128
706091853
1943920834
642602919
-367690031
-45090461
-897536022
993848508
1958823004
186860687
1077215038
-1045026037
-1529483528
1658157302
-2058371980
1460585767
-889801763
-99216146
-133197019
372807464
-418339689
-1708043750
924316283
-792798080
-29799653
1907664382
-1982726037
1657111447
-656199151
-662249524
-1951000528
1086963243
28887416
851115230
-974475114
615507819
-1047604729
79587549
-859970922
-1481542927
519196414
286135827
-1513788162
691721386
1779185634
-133174542
1552616911
2127477009
-649185201
938821812
618325453
895517042
-1916124618
270875536
1249407410
-491122849
-1756277287
-1476765157
298394732
-1395646350
911376708
-1617575682
-2071262990
993843789
766846062
-365129070
-706789419
-1860324029
-1469524459
-1877737489
2111060336
-1017677038
-425415626
-345840110
-663810355
-1247037023
1804264829
-1744769241
-1809449985
-1403994502
1958892551
596747138
-568768511
-909678835
-1147992251
-401384974
1950172008
-542381969
1106423693
650940961
-31521966
351752344
-428931469
-559675454
1352911058
1257100343
929482471
1639679103
-1081996307
892059626
1682055480
-38838163
-1387660472
447703307
-1579419689
-1858713025
-678202728
-1722333310
-1703440193
128363924
1431188615
1987438151
-253505873
-2017008117
894115489
-709159107
-102020496
-1521222017
1035562781
-1036780479
-497007762
765105540
1516249245
-1147583146
1300895395
1856156682
505993500
-1579300271
1729812916
566936328
-557057535
225343914
488520371
-1043230396
-1555131333
832072433
-395436985
958485444
-422529491
-1068078812
2083093902
-545983879
-477616203
-1318761144
1314981513
-1744022448
819342844
1377808058
-1319506960
-523655416
869638524
1116762223
-783204805
1845157676
-416657242
-1869490236
576517775
-76980457
-71981849
247658235
-1888959227
-199154980
1176790969
-66199125
1583707114
626483614
957175971
-1832301813
-1694626337
-1589889370
988989425
-1013865163
-1079729805
-1505513865
-1970832945
2015508088
1527083777
2115857390
-450576535
373600575
2139025723
-2106800268
-423608968
-1481433436
-981766436
1619016950
-201504369
1678674828
1811180720
1220777964
-817541855
732159918
-8713607
-1508877294
1833324934
-424539007
1730500761
1650487933
-907183480
-2094343593
1983391197
66176646
-1459621389
1472839610
169101476
-217816033
-2093879445
1612035944
-1949513196
-225224444
-1919306880
-1016028133
1482853687
664929278
93268366
-1773400925
1683435334
784719781
-1188536112
-1363977158
-711599546
915642891
-1975463654
-99013189
1372783652
1596916061
-1716964905
1903616584
-1811802498
-1751561397
-1496988107
253389447
-1726780914
-1636902961
520890856
-910090126
-510906601
-1395693864
-1955648080
496645194
2123375604
1327965848
-1149105442
-1100222817
-1306423620
-1029861059
539591085
-1339993428
-1307406355
626434692
1508031071
-687582066
1709982701
582548253
-557204717
-334626166
204874334
-1425314143
-192582424
-260939146
-803748506
-1207529517
1638426223
1624745654
-657120421
2049261014
-1873174920
2056173601
-205893726
1332310881
-1499589377
905234215
-727661207
1751256725
-96726827
-1462838160
-849841139
-294135665
1403491256
-120064399
-495348368
-163682932
1014990663
-619073620
2024261768
-300127077
338118290
-288616073
-98621417
1066927019
1280134823
273087914
615831248
1455924443
1514887184
759067864
-399701904
-248185146
-1695100127
-1736388727
957243452
655935259
-1746629436
1236603482
-405631238
-121226959
1769964191
-1086163005
1482605343
1583540165
-71228237
1453095143
1743406613
1724988403
1567253357
1041455607
-199962372
159417645
502386873
492225207
-693634299
531292524
-1660714881
-205416879
-1154991262
1081529844
1030287385
-811342516
-614693769
676285950
-1233770921
-1162231318
-939458672
2041067202
-668653016
1820216583
-1235043623
-170321751
-726193031
452749645
857923322
1797339011
1205200998
-434351174
1002762090
108824050
-155227631
424400225
2103307975
-1209039906
1484873765
1370633999
1889392552
189960731
-1248507080
-658076493
-1956334683
-1750518085
694273402
311953514
670630226
-81947311
-537661692
1208785744
-1374929999
2080845892
-777833519
1289185486
-1701794556
225367957
766745615
184564077
128506222
-1424284670
-1097660376
-1910598067
-2058242520
2058611895
243882761
1108719547
-1300519300
-714773043
657010085
1236344808
1427470458
-2052716576
-879207210
659455381
1338513017
-2106407513
1887899991
1938124836
719058010
657242737
-1846668291
-1353208830
1757519029
1568863695
-2094162315
-742713650
-233752162
1379560706
1398750620
-830123827
-1670936738
1340013697
1907301656
1228358536
-1490725154
1926369852
825232221
1283621136
-715618208
1947443579
-535786913
1844228210
741519844
-767997611
-386955004
-24291469
2005722400
-1610944152
-1057387829
-2081130223
1273441795
215314731
475335947
-551237170
1551222468
-77753285
-222702234
-1086718639
-1715402683
-31354707
1061986284
1877209354
-1772242543
1160467635
-284353252
1815101550
1622209328
368495263
-1864053480
-844947476
1508893935
-240025402
-982187749
356846138
1522228974
992946976
-1091221989
375203189
1707836076
1213948060
1719887870
-148630900
868372317
-144565804
1144144669
264170931
675747530
2135983728
1397215021
-815252697
-1197771099
320351913
1492886773
-689695064
-99464017
603528591
663068194
-701297022
1632220783
-624671111
-1809840064
-1820075521
1601863979
1508492870
220068680
470876979
-1559916451
-995257345
-1854919660
1459224661
1339856930
-1674629368
-2049646644
-404304014
-28902385
1113649966
-1321576314
-1248894507
-1519861845
-504805306
-770805127
436935053
-832980891
-1261123499
1291632287
-10602991
-1085287636
1124498263
790728534
987958744
900008009
1910107808
1039394325
953636533
-923067077
-1033832735
-1673195195
-1972990484
1566267198
1740015059
546333488
1384592651
368150958
-1109023160
332104329
-121884850
-1417995908
-1876452353
987721449
-222427319
-534894104
-925917785
458601604
1769806
585963498
1156361004
967920799
-848647083
1359752241
-2023249921
-1436444318
1982537809
2013964146
2030245411
-2122671453
-1267676307
-1151056034
-173639383
415827542
1002990838
2021804336
-716033627
-1102239166
109062512
1522946089
-499358259
1896137234
1704463406
-942163309
677326450
-1578138107
-929709097
-2025111312
247403997
1037234773
-264686100
1095218466
1201664902
-2124370633
-1482105215
-424633291
-592912295
-34893073
444379612
-1733712964
-2053979635
-1033352922
1708443122
1643289403
-583468284
-1370576733
1993327295
1962113521
431036459
-1081211374
-1694776795
391960180
1228178370
-1877164862
-2030406711
-618416001
960058016
-778827550
-1244940940
-1952788662
-2024162004
1118583495
562991058
1939457028
2003671410
2095976740
357292271
169335001
556770145
635735064
-836064707
2057652670
-1694337058
-1786120637
-543510565
1103623157
1175047244
1115441241
1477770754
-1033522358
1330715931
242522557
-1051397733
563757777
1770344739
-1216667942
-1942549303
-1479697088
718756774
1999266137
1993437951
-1202140056
-1824299036
-296889443
-802799943
-922046815
531141706
-2016260216
-841866357
480612887
290103522
171683376
-1979223150
-1068845801
-1095504122
1307047661
-1306706128
-1530546637
-1177912628
406216708
1247115464
-1689882794
61285011
1767256345
1965067384
-486621001
1305239860
-700035001
-1244785802
1090808776
-1317973420
-1841329101
979604310
-240852578
-113018486
-952502116
1637687937
-1846680238
410184036
-1201656991
-1936103564
727673460
-789080273
207616407
-857643316
-319683134
1519431416



